12 18 0 0
   2.823   3.571   3.016   2.814   3.216   3.571   2.823   3.216   3.053   2.823   3.137   2.823   2.853   3.034   3.016   3.016   3.086   2.899
   3.571   4.517   3.816   3.350   4.068   4.517   3.571   4.068   3.267   3.571   3.571   3.571   3.403   3.571   3.816   3.816   3.904   3.667
   3.016   3.816   3.223   2.830   3.436   3.816   3.016   3.436   2.760   3.016   3.016   3.016   2.875   3.016   3.223   3.223   3.297   3.098
   2.814   3.350   2.830   2.484   3.017   3.350   3.037   3.017   2.423   2.862   2.884   2.824   2.623   2.789   2.830   2.830   2.895   2.719
   3.216   4.068   3.436   3.017   3.663   4.068   3.216   3.663   2.942   3.216   3.216   3.216   3.065   3.216   3.436   3.436   3.515   3.302
   3.571   4.517   3.816   3.350   4.068   4.517   3.571   4.068   3.267   3.571   3.571   3.571   3.403   3.571   3.816   3.816   3.904   3.667
   2.823   3.571   3.016   3.037   3.216   3.571   2.823   3.216   3.587   2.823   3.386   2.823   3.079   3.274   3.016   3.016   3.086   2.899
   3.216   4.068   3.436   3.017   3.663   4.068   3.216   3.663   2.942   3.216   3.216   3.216   3.065   3.216   3.436   3.436   3.515   3.302
   3.053   3.267   2.760   2.423   2.942   3.267   3.587   2.942   2.363   3.380   3.129   3.336   2.845   3.026   2.760   2.760   2.823   2.652
   2.823   3.571   3.016   2.862   3.216   3.571   2.823   3.216   3.380   2.823   3.190   2.823   2.901   3.085   3.016   3.016   3.086   2.899
   3.137   3.571   3.016   2.884   3.216   3.571   3.386   3.216   3.129   3.190   3.215   3.148   2.924   3.109   3.016   3.016   3.086   2.899
   2.823   3.571   3.016   2.824   3.216   3.571   2.823   3.216   3.336   2.823   3.148   2.823   2.863   3.045   3.016   3.016   3.086   2.899
   2.853   3.403   2.875   2.623   3.065   3.403   3.079   3.065   2.845   2.901   2.924   2.863   2.659   2.828   2.875   2.875   2.941   2.763
   3.034   3.571   3.016   2.789   3.216   3.571   3.274   3.216   3.026   3.085   3.109   3.045   2.828   3.007   3.016   3.016   3.086   2.899
   3.016   3.816   3.223   2.830   3.436   3.816   3.016   3.436   2.760   3.016   3.016   3.016   2.875   3.016   3.223   3.223   3.297   3.098
   3.016   3.816   3.223   2.830   3.436   3.816   3.016   3.436   2.760   3.016   3.016   3.016   2.875   3.016   3.223   3.223   3.297   3.098
   3.086   3.904   3.297   2.895   3.515   3.904   3.086   3.515   2.823   3.086   3.086   3.086   2.941   3.086   3.297   3.297   3.373   3.169
   2.899   3.667   3.098   2.719   3.302   3.667   2.899   3.302   2.652   2.899   2.899   2.899   2.763   2.899   3.098   3.098   3.169   2.977
   4.481   6.601  12.762   1.280  24.563   0.800   0.360   7.361   5.961   0.160   1.120  12.802   4.881   5.681   2.120   1.520   2.600  12.242
   6.601  11.722   7.921   6.921   6.041   6.241   7.561   5.841   2.840   8.681   0.840   3.160   2.120   1.680   2.800   3.600   9.481  14.802
  12.762   7.921  12.522   3.200  10.401   4.481   2.000   3.400   2.480   0.240   7.241   3.841   1.760   3.520  12.482   4.601   0.960  18.162
   1.280   6.921   3.200   4.321  17.843   0.680   7.841   3.761   5.561   2.800   4.561   0.120   0.080   1.360   2.600   2.320   1.280   2.400
  24.563   6.041  10.401  17.843  23.083   4.441  17.962  15.362   0.240   6.281   1.720   4.841   5.601   1.080   3.520   0.800  10.201  14.562
   0.800   6.241   4.481   0.680   4.441   6.241   1.760   4.081   0.160   1.520   2.960   3.921   3.000   3.761   1.880   1.720   2.720   1.160
   0.360   7.561   2.000   7.841  17.962   1.760  14.162   2.240   1.000   1.240   8.001   8.121   1.440   2.640   1.920   6.001   5.521  23.443
   7.361   5.841   3.400   3.761  15.362   4.081   2.240   8.281   5.201   1.120   3.520   2.160   5.761   2.720   5.841   3.921   1.800  28.444
   5.961   2.840   2.480   5.561   0.240   0.160   1.000   5.201   0.520   1.840   0.440   3.560   2.280   0.120   0.320   1.760   2.200  40.966
   0.160   8.681   0.240   2.800   6.281   1.520   1.240   1.120   1.840   1.760   1.640   5.201   1.640   1.480   0.200   1.400   1.400   4.081
   1.120   0.840   7.241   4.561   1.720   2.960   8.001   3.520   0.440   1.640   0.280   7.961   2.320   0.880   4.201   2.160   1.960   2.440
  12.802   3.160   3.841   0.120   4.841   3.921   8.121   2.160   3.560   5.201   7.961   7.761   1.920   2.720   2.000   0.480   5.201  15.082
   4.881   2.120   1.760   0.080   5.601   3.000   1.440   5.761   2.280   1.640   2.320   1.920   0.280   3.520   2.400   2.360   1.320   7.001
   5.681   1.680   3.520   1.360   1.080   3.761   2.640   2.720   0.120   1.480   0.880   2.720   3.520   4.361   2.160   5.001   1.160  10.281
   2.120   2.800  12.482   2.600   3.520   1.880   1.920   5.841   0.320   0.200   4.201   2.000   2.400   2.160  16.402   3.240   8.881   9.521
   1.520   3.600   4.601   2.320   0.800   1.720   6.001   3.921   1.760   1.400   2.160   0.480   2.360   5.001   3.240   3.240   4.041  13.962
   2.600   9.481   0.960   1.280  10.201   2.720   5.521   1.800   2.200   1.400   1.960   5.201   1.320   1.160   8.881   4.041   5.561  12.802
  12.242  14.802  18.162   2.400  14.562   1.160  23.443  28.444  40.966   4.081   2.440  15.082   7.001  10.281   9.521  13.962  12.802  40.005
  1  1  1 -1  1  1 -1  1  1 -1 -1 -1 -1  1  1  1  1  1
  1 -1  1  1  1  1  1 -1 -1 -1  1  1 -1  1  1  1  1  1
  1  1  1  1 -1 -1 -1 -1  1  1  1 -1  1  1 -1  1 -1  1
 -1  1  1 -1  1 -1  1  1  1  1  1  1  1  1  1  1  1 -1
  1  1 -1  1  1 -1  1 -1 -1 -1  1  1 -1 -1  1  1  1  1
  1  1 -1 -1 -1  1 -1 -1 -1  1  1 -1  1  1  1  1  1  1
 -1  1 -1  1  1 -1  1 -1  1 -1  1 -1 -1 -1  1  1  1  1
  1 -1 -1  1 -1 -1 -1  1  1  1  1  1  1  1  1  1  1 -1
  1 -1  1  1 -1 -1  1  1  1  1  1  1  1  1 -1  1  1  1
 -1 -1  1  1 -1  1 -1  1  1  1  1 -1 -1 -1  1  1 -1  1
 -1  1  1  1  1  1  1  1  1  1  1 -1  1 -1  1  1  1  1
 -1  1 -1  1  1 -1 -1  1  1 -1 -1  1  1  1  1  1  1 -1
 -1 -1  1  1 -1  1 -1  1  1 -1  1  1 -1  1  1  1 -1  1
  1  1  1  1 -1  1 -1  1  1 -1 -1  1  1 -1  1  1  1  1
  1  1 -1  1  1  1  1  1 -1  1  1  1  1  1  1  1  1 -1
  1  1  1  1  1  1  1  1  1  1  1  1  1  1  1  1  1  1
  1  1 -1  1  1  1  1  1  1 -1  1  1 -1  1  1  1  1  1
  1  1  1 -1  1  1  1 -1  1  1  1 -1  1  1 -1  1  1 -1
